# Extracted from PMT3inchR14374_WCTE::Getqpe()
# // 1
0.000000 0.000000 0.000000 0.000000 0.000000
0.000000 0.000000 0.000000 0.000000 0.000000
0.000000 0.000000 0.000000 0.000000 0.000000
0.000000 0.000000 0.000000 0.000000 0.000000
0.000000 0.000000 0.000000 0.000000 0.000000
0.000000 0.000000 0.000000 0.000000 0.000000
0.000000 0.000000 0.000000 0.000000 0.000000
0.000000 0.000000 0.000000 0.000000 0.000000
0.000000 0.000000 0.000000 0.000000 0.000000
0.000000 0.000000 0.000000 0.000000 0.000000
#// 2
0.000381 0.002359 0.006956 0.014050 0.021470
0.029045 0.036750 0.044913 0.053878 0.063897
0.075367 0.089078 0.105693 0.126747 0.152918
0.184803 0.223584 0.268127 0.317283 0.367630
0.417750 0.466039 0.512878 0.557372 0.598186
0.636186 0.671044 0.701999 0.730782 0.757566
0.782031 0.804206 0.824292 0.842793 0.859734
0.875207 0.889501 0.902172 0.913244 0.923582
0.932835 0.940867 0.947906 0.954192 0.959824
0.964409 0.968364 0.971983 0.975084 0.977725
#// 3
0.979961 0.982130 0.984062 0.985578 0.986994
0.988236 0.989201 0.990078 0.990896 0.991671
0.992372 0.992994 0.993539 0.994000 0.994403
0.994807 0.995191 0.995541 0.995831 0.996070
0.996275 0.996491 0.996711 0.996929 0.997135
0.997340 0.997542 0.997677 0.997806 0.997960
0.998096 0.998204 0.998276 0.998337 0.998383
0.998410 0.998456 0.998514 0.998578 0.998642
0.998703 0.998759 0.998797 0.998825 0.998852
0.998885 0.998926 0.998979 0.999029 0.999073
#// 4
0.999111 0.999162 0.999223 0.999272 0.999309
0.999343 0.999407 0.999451 0.999469 0.999534
0.999593 0.999619 0.999633 0.999653 0.999688
0.999705 0.999714 0.999724 0.999733 0.999739
0.999739 0.999757 0.999782 0.999800 0.999824
0.999852 0.999879 0.999901 0.999915 0.999916
0.999916 0.999916 0.999916 0.999916 0.999918
0.999926 0.999940 0.999957 0.999968 0.999977
0.999986 0.999995 1.000000 1.000000 1.000000
1.000000 1.000000 1.000000 1.000000 1.000000
#// 5
1.000000 1.000000 1.000000 1.000000 1.000000
1.000000 1.000000 1.000000 1.000000 1.000000
1.000000 1.000000 1.000000 1.000000 1.000000
1.000000 1.000000 1.000000 1.000000 1.000000
1.000000 1.000000 1.000000 1.000000 1.000000
1.000000 1.000000 1.000000 1.000000 1.000000
1.000000 1.000000 1.000000 1.000000 1.000000
1.000000 1.000000 1.000000 1.000000 1.000000
1.000000 1.000000 1.000000 1.000000 1.000000
1.000000 1.000000 1.000000 1.000000 1.000000
#// 6
1.000000 1.000000 1.000000 1.000000 1.000000
1.000000 1.000000 1.000000 1.000000 1.000000
1.000000 1.000000 1.000000 1.000000 1.000000
1.000000 1.000000 1.000000 1.000000 1.000000
1.000000 1.000000 1.000000 1.000000 1.000000
1.000000 1.000000 1.000000 1.000000 1.000000
1.000000 1.000000 1.000000 1.000000 1.000000
1.000000 1.000000 1.000000 1.000000 1.000000
1.000000 1.000000 1.000000 1.000000 1.000000
1.000000 1.000000 1.000000 1.000000 1.000000
#// 7
1.000000 1.000000 1.000000 1.000000 1.000000
1.000000 1.000000 1.000000 1.000000 1.000000
1.000000 1.000000 1.000000 1.000000 1.000000
1.000000 1.000000 1.000000 1.000000 1.000000
1.000000 1.000000 1.000000 1.000000 1.000000
1.000000 1.000000 1.000000 1.000000 1.000000
1.000000 1.000000 1.000000 1.000000 1.000000
1.000000 1.000000 1.000000 1.000000 1.000000
1.000000 1.000000 1.000000 1.000000 1.000000
1.000000 1.000000 1.000000 1.000000 1.000000
#// 8
1.000000 1.000000 1.000000 1.000000 1.000000
1.000000 1.000000 1.000000 1.000000 1.000000
1.000000 1.000000 1.000000 1.000000 1.000000
1.000000 1.000000 1.000000 1.000000 1.000000
1.000000 1.000000 1.000000 1.000000 1.000000
1.000000 1.000000 1.000000 1.000000 1.000000
1.000000 1.000000 1.000000 1.000000 1.000000
1.000000 1.000000 1.000000 1.000000 1.000000
1.000000 1.000000 1.000000 1.000000 1.000000
1.000000 1.000000 1.000000 1.000000 1.000000
#// 9
1.000000 1.000000 1.000000 1.000000 1.000000
1.000000 1.000000 1.000000 1.000000 1.000000
1.000000 1.000000 1.000000 1.000000 1.000000
1.000000 1.000000 1.000000 1.000000 1.000000
1.000000 1.000000 1.000000 1.000000 1.000000
1.000000 1.000000 1.000000 1.000000 1.000000
1.000000 1.000000 1.000000 1.000000 1.000000
1.000000 1.000000 1.000000 1.000000 1.000000
1.000000 1.000000 1.000000 1.000000 1.000000
1.000000 1.000000 1.000000 1.000000 1.000000
#// 10
1.000000 1.000000 1.000000 1.000000 1.000000
1.000000 1.000000 1.000000 1.000000 1.000000
1.000000 1.000000 1.000000 1.000000 1.000000
1.000000 1.000000 1.000000 1.000000 1.000000
1.000000 1.000000 1.000000 1.000000 1.000000
1.000000 1.000000 1.000000 1.000000 1.000000
1.000000 1.000000 1.000000 1.000000 1.000000
1.000000 1.000000 1.000000 1.000000 1.000000
1.000000 1.000000 1.000000 1.000000 1.000000
1.000000 1.000000 1.000000 1.000000 1.000000
#// Dummy element for noticing if the loop reached the end of the array                        
0.0
